{
 "cells": [
  {
   "cell_type": "markdown",
   "metadata": {},
   "source": [
    "### HR-pQCT parameters: correlation matrices\n",
    "\n",
    "Author: Simone Poncioni, MSB\n",
    "\n",
    "Date: 31.03.2025\n",
    "\n",
    "Data: HR-pQCT database of the University of Bern, Switzerland"
   ]
  },
  {
   "cell_type": "code",
   "execution_count": 1,
   "metadata": {
    "vscode": {
     "languageId": "r"
    }
   },
   "outputs": [
    {
     "name": "stderr",
     "output_type": "stream",
     "text": [
      "\n",
      "Attaching package: ‘Hmisc’\n",
      "\n",
      "\n",
      "The following objects are masked from ‘package:base’:\n",
      "\n",
      "    format.pval, units\n",
      "\n",
      "\n",
      "corrplot 0.95 loaded\n",
      "\n",
      "Using poppler version 24.02.0\n",
      "\n",
      "Linking to ImageMagick 6.9.12.98\n",
      "Enabled features: fontconfig, freetype, fftw, heic, lcms, pango, raw, webp, x11\n",
      "Disabled features: cairo, ghostscript, rsvg\n",
      "\n",
      "Using 16 threads\n",
      "\n"
     ]
    }
   ],
   "source": [
    "# Create a user library directory if it doesn't exist\n",
    "user_lib <- \"~/R/library\"\n",
    "dir.create(user_lib, recursive = TRUE, showWarnings = FALSE)\n",
    "\n",
    "# Tell R to use this directory for new packages\n",
    ".libPaths(c(user_lib, .libPaths()))\n",
    "\n",
    "# Function to safely install and load packages\n",
    "install_and_load <- function(pkg) {\n",
    "  if (!require(pkg, character.only = TRUE, quietly = TRUE)) {\n",
    "    install.packages(pkg, lib = user_lib)\n",
    "    library(pkg, character.only = TRUE)\n",
    "  }\n",
    "}\n",
    "\n",
    "# Install and load all required packages\n",
    "pkgs <- c(\"Hmisc\", \"corrplot\", \"ggplot2\", \"RColorBrewer\", \n",
    "          \"pdftools\", \"png\", \"IRdisplay\", \"magick\", \"paletteer\")\n",
    "\n",
    "# Apply the function to each package\n",
    "invisible(sapply(pkgs, install_and_load))"
   ]
  },
  {
   "cell_type": "code",
   "execution_count": 2,
   "metadata": {
    "vscode": {
     "languageId": "r"
    }
   },
   "outputs": [],
   "source": [
    "# Filtering, correlation, and plotting functions\n",
    "\n",
    "# Code ideas from:\n",
    "# https://cran.r-project.org/web/packages/corrplot/vignettes/corrplot-intro.html\n",
    "# https://www.sthda.com/english/wiki/visualize-correlation-matrix-using-correlogram\n",
    "\n",
    "filter_dataframe <- function(df, keeps, drops_c) {\n",
    "  df_filtered <- df[, grepl(keeps, names(df))]\n",
    "  df_filtered <- df_filtered[, colSums(is.na(df_filtered)) < nrow(df_filtered)]\n",
    "  drops_c <- paste(drops_f, drops_specific, sep = \"|\")\n",
    "  drops <- grep(drops_c, names(df_filtered), value = TRUE)\n",
    "  df_filtered <- df_filtered[, !(names(df_filtered) %in% drops)]\n",
    "  df_filtered <- na.omit(df_filtered)\n",
    "  return(df_filtered)\n",
    "}\n",
    "\n",
    "correlation_p_matrix <- function(mat, ...) {\n",
    "  mat <- as.matrix(mat)\n",
    "  n <- ncol(mat)\n",
    "  p.mat <- matrix(NA, n, n)\n",
    "  diag(p.mat) <- 0\n",
    "  for (i in 1:(n - 1)) {\n",
    "    for (j in (i + 1):n) {\n",
    "      tmp <- cor.test(mat[, i], mat[, j], alternative=\"two.sided\", method=\"pearson\", ...)\n",
    "      p.mat[i, j] <- p.mat[j, i] <- tmp$p.value\n",
    "    }\n",
    "  }\n",
    "  colnames(p.mat) <- rownames(p.mat) <- colnames(mat)\n",
    "  return(p.mat)\n",
    "}"
   ]
  },
  {
   "cell_type": "code",
   "execution_count": 3,
   "metadata": {
    "vscode": {
     "languageId": "r"
    }
   },
   "outputs": [],
   "source": [
    "generate_corrplot <- function(df, filename, plot_title, basepath) {\n",
    "  df_filtered <- filter_dataframe(df, keeps, drops_c)\n",
    "  # Split all column names before '[' and take the first part\n",
    "  colnames(df_filtered) <- sub(\"\\\\[.*\", \"\", colnames(df_filtered))\n",
    "  corrmatrix <- cor(as.matrix(df_filtered))\n",
    "  p.mat <- correlation_p_matrix(df_filtered)\n",
    "  \n",
    "  # Clean column names by removing \"Tibia: \" prefix\n",
    "  cleaned_colnames <- gsub(\"Tibia: \", \"\", colnames(corrmatrix))\n",
    "  colnames(corrmatrix) <- cleaned_colnames\n",
    "  rownames(corrmatrix) <- cleaned_colnames\n",
    "  colnames(p.mat) <- cleaned_colnames\n",
    "  rownames(p.mat) <- cleaned_colnames\n",
    "\n",
    "  # print p.mat\n",
    "  print.char.matrix(p.mat, quote = FALSE)\n",
    "  \n",
    "  fname <- file.path(basepath, filename)\n",
    "  pdf(file = fname, width = 12, height = 12)\n",
    "  \n",
    "  # Reduce bottom margin (first value in mar)\n",
    "  par(mar = c(0.1, 0.5, 3, 0.5), oma = c(0, 0, 0, 0), bg = \"white\", xpd=TRUE)\n",
    "  pal_colors <- c(\"#BF360C\", \"#E64A19\", \"#FF8A65\", \"#FFCCBC\",\"#FFFFFF\",\"#7FC8C9\", \"#35A7A7\", \"#018786\")\n",
    "  col <- colorRampPalette(pal_colors)\n",
    "\n",
    "  corrplot(corrmatrix, method = \"color\", col = col(200),\n",
    "           type = \"upper\", order = \"AOE\",\n",
    "           addCoef.col = \"black\",  # Color of the p-values\n",
    "           number.font = 1,        # Use normal font for p-values\n",
    "           # Increase text sizes\n",
    "           tl.col = \"black\", tl.srt = 45, tl.cex = 1.25,\n",
    "           cl.cex = 1.25,          # Larger color legend text\n",
    "           number.cex = 1.25,      # Larger correlation coefficients\n",
    "           p.mat = p.mat, sig.level = 0.005, insig = \"blank\",\n",
    "           diag = FALSE,\n",
    "           # Fill more of the plot area\n",
    "           mar = c(0, 0, 0, 0),    # Remove internal margins in corrplot\n",
    "           # Change color legend position to right side to save vertical space\n",
    "           cl.pos = \"r\",\n",
    "           # Reduce color legend ratio\n",
    "           cl.ratio = 0.2,\n",
    "           cl.align = \"c\"          # Center the color legend\n",
    "  )\n",
    "  \n",
    "  # Larger plot title positioned closer to the top of the plot\n",
    "  mtext(plot_title, side = 3, line = -5.5, cex = 2.0, font = 2, outer = TRUE)\n",
    "  dev.off()\n",
    "  \n",
    "  png_path <- sub(\".pdf$\", \".png\", fname)\n",
    "  image <- image_read(fname)\n",
    "  image_write(image, path = png_path, format = \"png\")\n",
    "  \n",
    "  display_png(file = png_path)\n",
    "}"
   ]
  },
  {
   "cell_type": "code",
   "execution_count": 4,
   "metadata": {
    "vscode": {
     "languageId": "r"
    }
   },
   "outputs": [],
   "source": [
    "# Import dataframe\n",
    "# df <- read.csv('/home/simoneponcioni/Documents/01_PHD/03_Methods/HR-pQCT_database/00_DB/HR-pQCT_database_2025-01-28.csv', check.names = FALSE)\n",
    "df <- read.csv('/home/simoneponcioni/Documents/01_PHD/03_Methods/HR-pQCT_database/00_DB/HR-pQCT_database_expanded_2025-06-16_16-18.csv', check.names = FALSE)\n",
    "\n",
    "# Remove non-numeric columns\n",
    "df_numeric <- df[sapply(df, is.numeric)]"
   ]
  },
  {
   "cell_type": "code",
   "execution_count": 5,
   "metadata": {
    "vscode": {
     "languageId": "r"
    }
   },
   "outputs": [],
   "source": [
    "# General settings\n",
    "basepath = \"/home/simoneponcioni/Documents/01_PHD/03_Methods/HR-pQCT_database/03_EVALUATION/03_correlation-matrix\"\n",
    "drops_f = \"Measurement number|side|Time difference Frax & HRpQCT \\\\[days\\\\]\""
   ]
  },
  {
   "cell_type": "code",
   "execution_count": 6,
   "metadata": {
    "vscode": {
     "languageId": "r"
    }
   },
   "outputs": [
    {
     "name": "stdout",
     "output_type": "stream",
     "text": [
      "+----------------------------+---------------------+--------------------+---------------------+--------------------+---------------------+--------------------+---------------------+---------------------+---------------------+---------------------+---------------------+---------------------+---------------------+---------------------+--------------------+--------------------+---------------------+---------------------+---------------------+---------------------+---------------------+------------------+\n",
      "|                   Tot.vBMD |                    0|1.44196188478456e-27|   0.0104997061742311| 0.00185719550995771| 1.73604790249521e-67|3.55506273355292e-14| 3.50793150944372e-60|2.80012638557734e-105|7.46314432292009e-122|   0.0402513737859964|3.66817567312844e-171| 1.14458574285933e-48| 8.70624343304941e-71| 7.02011605296316e-21| 1.4191259753741e-07|  0.0151596883283004| 1.36546328892119e-51|8.26485964309369e-172|  7.3861639675352e-53| 1.41818227599025e-58| 1.66666585969634e-79| 0.214200346059156|\n",
      "+----------------------------+---------------------+--------------------+---------------------+--------------------+---------------------+--------------------+---------------------+---------------------+---------------------+---------------------+---------------------+---------------------+---------------------+---------------------+--------------------+--------------------+---------------------+---------------------+---------------------+---------------------+---------------------+------------------+\n",
      "|                    Ct.vBMD | 1.44196188478456e-27|                   0| 2.48205531438131e-30|2.61730538355357e-11| 2.30151528610951e-30|1.01583135238088e-08| 9.48421124746291e-16| 2.10285285595816e-10| 4.15448081897674e-15| 4.73721590872978e-21| 2.60737408692002e-29|    0.101153361926915| 1.50053146218484e-40| 0.000806369251798112|2.42986144255533e-70|1.16288738972624e-40| 1.16933501834951e-41| 1.03554595763533e-40|  0.00569802761578848| 1.29612587855922e-06| 8.10082803099804e-26| 0.453376483644985|\n",
      "+----------------------------+---------------------+--------------------+---------------------+--------------------+---------------------+--------------------+---------------------+---------------------+---------------------+---------------------+---------------------+---------------------+---------------------+---------------------+--------------------+--------------------+---------------------+---------------------+---------------------+---------------------+---------------------+------------------+\n",
      "|                      Ct.Pm |   0.0104997061742311|2.48205531438131e-30|                    0|1.53587419976159e-05| 8.12290738409048e-06|8.40346250028825e-05|  0.00371843887660668| 5.22271568397309e-05|  0.00157431936284671|5.92102902102173e-199| 5.22527234714618e-05| 1.40060516006592e-30|    0.379899230565344|  2.9511431687453e-55|5.54001830310773e-45|1.39612253223386e-37| 1.49302523984348e-24| 6.90429362353851e-09| 5.49412122491633e-16| 9.13783047801426e-07| 3.28803488463614e-07| 0.315328679412895|\n",
      "+----------------------------+---------------------+--------------------+---------------------+--------------------+---------------------+--------------------+---------------------+---------------------+---------------------+---------------------+---------------------+---------------------+---------------------+---------------------+--------------------+--------------------+---------------------+---------------------+---------------------+---------------------+---------------------+------------------+\n",
      "|                      Ct.Po |  0.00185719550995771|2.61730538355357e-11| 1.53587419976159e-05|                   0| 1.59518313146764e-07|9.38174830976745e-29| 1.76852319179901e-08| 3.02616887585036e-06| 2.11095392915311e-05| 9.00817669266464e-05|  0.00788030603003088| 3.62366815903405e-08|   0.0171717412252517|  2.2460761146936e-08|  0.0287824290979073| 0.00244144813517843|   0.0014038146381678|   0.0548888228383909| 1.02017974698942e-11| 2.83261656150851e-09|  0.00030597735909411| 0.857549030112838|\n",
      "+----------------------------+---------------------+--------------------+---------------------+--------------------+---------------------+--------------------+---------------------+---------------------+---------------------+---------------------+---------------------+---------------------+---------------------+---------------------+--------------------+--------------------+---------------------+---------------------+---------------------+---------------------+---------------------+------------------+\n",
      "|                      Ct.Th | 1.73604790249521e-67|2.30151528610951e-30| 8.12290738409048e-06|1.59518313146764e-07|                    0|3.18962325007324e-29| 7.9239473181309e-113| 2.48819464773054e-41| 1.17337431181307e-52| 0.000195805602578415| 2.03730676303895e-63| 1.32647736305634e-18|4.23621189927863e-131|  0.00938750751905834|8.57689229293136e-39|9.91405469460363e-27|7.16572973257597e-158| 5.18000645173748e-78| 7.51391081113767e-34| 9.16641067544977e-44|  2.6466086878847e-75| 0.146611426447711|\n",
      "+----------------------------+---------------------+--------------------+---------------------+--------------------+---------------------+--------------------+---------------------+---------------------+---------------------+---------------------+---------------------+---------------------+---------------------+---------------------+--------------------+--------------------+---------------------+---------------------+---------------------+---------------------+---------------------+------------------+\n",
      "|                   Ct.Po.Dm | 3.55506273355292e-14|1.01583135238088e-08| 8.40346250028825e-05|9.38174830976745e-29| 3.18962325007324e-29|                   0| 1.28319087363068e-16| 1.19672055585569e-10| 1.09367621605489e-12|  0.00106219161790194| 9.59966521282821e-16| 0.000343522608201321| 1.49970425280057e-17|    0.531620351264863|2.53855970009334e-13|6.44663080746068e-09| 2.32413345696407e-27| 6.00948705640901e-18| 2.85191801030707e-10| 2.78345431045708e-13| 8.11114653150183e-22| 0.212777646566447|\n",
      "+----------------------------+---------------------+--------------------+---------------------+--------------------+---------------------+--------------------+---------------------+---------------------+---------------------+---------------------+---------------------+---------------------+---------------------+---------------------+--------------------+--------------------+---------------------+---------------------+---------------------+---------------------+---------------------+------------------+\n",
      "|                      Ct.Ar | 3.50793150944372e-60|9.48421124746291e-16|  0.00371843887660668|1.76852319179901e-08| 7.9239473181309e-113|1.28319087363068e-16|                    0| 1.98289526412926e-73| 1.03500995714095e-86| 0.000445684026159817| 3.62478573649893e-52| 6.69645537258727e-56|1.13267180872869e-183| 5.38653137086374e-18|3.98033859819546e-15|8.89118332446628e-09| 3.06306797046478e-51| 3.48923257262264e-53| 2.28391738530033e-74| 9.70090608119163e-80| 1.63769856541327e-52|0.0495667690206031|\n",
      "+----------------------------+---------------------+--------------------+---------------------+--------------------+---------------------+--------------------+---------------------+---------------------+---------------------+---------------------+---------------------+---------------------+---------------------+---------------------+--------------------+--------------------+---------------------+---------------------+---------------------+---------------------+---------------------+------------------+\n",
      "|            Fmax at failure |2.80012638557734e-105|2.10285285595816e-10| 5.22271568397309e-05|3.02616887585036e-06| 2.48819464773054e-41|1.19672055585569e-10| 1.98289526412926e-73|                    0|1.86471718128659e-286| 9.46588155533194e-07|2.09614723056479e-108|  1.099067742406e-110| 2.10039847989188e-64| 8.07159040043348e-56|   0.238034689534823|   0.151943579565151| 2.91798505343752e-19| 3.56350706146515e-83|1.34225299683321e-124|7.84655305060697e-121| 2.95215088255961e-59| 0.228495639781709|\n",
      "+----------------------------+---------------------+--------------------+---------------------+--------------------+---------------------+--------------------+---------------------+---------------------+---------------------+---------------------+---------------------+---------------------+---------------------+---------------------+--------------------+--------------------+---------------------+---------------------+---------------------+---------------------+---------------------+------------------+\n",
      "|                  Stiffness |7.46314432292009e-122|4.15448081897674e-15|  0.00157431936284671|2.11095392915311e-05| 1.17337431181307e-52|1.09367621605489e-12| 1.03500995714095e-86|1.86471718128659e-286|                    0|  3.9705054565857e-05|5.05996165183303e-115|1.69855948738435e-105| 7.84210789843288e-81|  1.8533606110563e-48|  0.0108904980220179|   0.986591687938017| 5.21338594481457e-26| 2.30515161472472e-96|2.27201334092955e-121|2.68645069494375e-119|  2.6930043529201e-65| 0.137547806147455|\n",
      "+----------------------------+---------------------+--------------------+---------------------+--------------------+---------------------+--------------------+---------------------+---------------------+---------------------+---------------------+---------------------+---------------------+---------------------+---------------------+--------------------+--------------------+---------------------+---------------------+---------------------+---------------------+---------------------+------------------+\n",
      "|                     Tot.Ar |   0.0402513737859964|4.73721590872978e-21|5.92102902102173e-199|9.00817669266464e-05| 0.000195805602578415| 0.00106219161790194| 0.000445684026159817| 9.46588155533194e-07|  3.9705054565857e-05|                    0| 0.000497961805440791| 1.01377994284669e-36|    0.990341667183539| 2.16078836994106e-63|3.51140351632627e-37| 2.8846991287032e-35| 3.54118492699281e-22| 2.68214200121968e-07| 1.34653469235134e-19| 1.09086749878283e-08| 3.47866774992427e-06| 0.156037611514039|\n",
      "+----------------------------+---------------------+--------------------+---------------------+--------------------+---------------------+--------------------+---------------------+---------------------+---------------------+---------------------+---------------------+---------------------+---------------------+---------------------+--------------------+--------------------+---------------------+---------------------+---------------------+---------------------+---------------------+------------------+\n",
      "|            Ultimate stress |3.66817567312844e-171|2.60737408692002e-29| 5.22527234714618e-05| 0.00788030603003088| 2.03730676303895e-63|9.59966521282821e-16| 3.62478573649893e-52|2.09614723056479e-108|5.05996165183303e-115| 0.000497961805440791|                    0| 2.10573778134111e-33| 5.69191315246305e-66| 1.42066752908663e-12|2.27843718762766e-10|0.000246397547117117| 7.32696093190853e-54|2.80451863087501e-255| 7.82251973675192e-47| 1.66330533580405e-61|1.29245281419715e-106| 0.685404366362612|\n",
      "+----------------------------+---------------------+--------------------+---------------------+--------------------+---------------------+--------------------+---------------------+---------------------+---------------------+---------------------+---------------------+---------------------+---------------------+---------------------+--------------------+--------------------+---------------------+---------------------+---------------------+---------------------+---------------------+------------------+\n",
      "|                        BMC | 1.14458574285933e-48|   0.101153361926915| 1.40060516006592e-30|3.62366815903405e-08| 1.32647736305634e-18|0.000343522608201321| 6.69645537258727e-56|  1.099067742406e-110|1.69855948738435e-105| 1.01377994284669e-36| 2.10573778134111e-33|                    0| 1.30546498868524e-36|1.56763095799161e-148| 0.00012349850020382|1.26825786856494e-09| 0.000583168803982419| 1.00173361757494e-25|1.15638661042284e-128| 1.96812337804666e-80| 1.85844915978886e-18|0.0436182766777662|\n",
      "+----------------------------+---------------------+--------------------+---------------------+--------------------+---------------------+--------------------+---------------------+---------------------+---------------------+---------------------+---------------------+---------------------+---------------------+---------------------+--------------------+--------------------+---------------------+---------------------+---------------------+---------------------+---------------------+------------------+\n",
      "|               Cortical BMC | 8.70624343304941e-71|1.50053146218484e-40|    0.379899230565344|  0.0171717412252517|4.23621189927863e-131|1.49970425280057e-17|1.13267180872869e-183| 2.10039847989188e-64| 7.84210789843288e-81|    0.990341667183539| 5.69191315246305e-66| 1.30546498868524e-36|                    0| 1.91054551465783e-08|7.46063685210032e-31|2.83582635830587e-19| 1.73326555512174e-72| 1.36272345052261e-74| 6.96610450883287e-51| 8.82174832048754e-63| 1.04373816004791e-64|0.0752110047964216|\n",
      "+----------------------------+---------------------+--------------------+---------------------+--------------------+---------------------+--------------------+---------------------+---------------------+---------------------+---------------------+---------------------+---------------------+---------------------+---------------------+--------------------+--------------------+---------------------+---------------------+---------------------+---------------------+---------------------+------------------+\n",
      "|             Trabecular BMC | 7.02011605296316e-21|0.000806369251798112|  2.9511431687453e-55| 2.2460761146936e-08|  0.00938750751905834|   0.531620351264863| 5.38653137086374e-18| 8.07159040043348e-56|  1.8533606110563e-48| 2.16078836994106e-63| 1.42066752908663e-12|1.56763095799161e-148| 1.91054551465783e-08|                    0|4.81964265995288e-24|5.71449822919549e-35|   0.0163050653110381| 1.32350747247537e-07| 4.50073227603837e-71| 7.71064605354308e-41| 0.000151426631766149|0.0994368828063249|\n",
      "+----------------------------+---------------------+--------------------+---------------------+--------------------+---------------------+--------------------+---------------------+---------------------+---------------------+---------------------+---------------------+---------------------+---------------------+---------------------+--------------------+--------------------+---------------------+---------------------+---------------------+---------------------+---------------------+------------------+\n",
      "| Trabecular to cortical BMC |  1.4191259753741e-07|2.42986144255533e-70| 5.54001830310773e-45|  0.0287824290979073| 8.57689229293136e-39|2.53855970009334e-13| 3.98033859819546e-15|    0.238034689534823|   0.0108904980220179| 3.51140351632627e-37| 2.27843718762766e-10|  0.00012349850020382| 7.46063685210032e-31| 4.81964265995288e-24|                   0|1.43904209907616e-90| 6.29674207612102e-61| 7.35105859077293e-17|    0.344050414945902|   0.0918715237028263| 4.04801796347173e-17| 0.535683582795468|\n",
      "+----------------------------+---------------------+--------------------+---------------------+--------------------+---------------------+--------------------+---------------------+---------------------+---------------------+---------------------+---------------------+---------------------+---------------------+---------------------+--------------------+--------------------+---------------------+---------------------+---------------------+---------------------+---------------------+------------------+\n",
      "| Cortical to trabecular BMC |   0.0151596883283004|1.16288738972624e-40| 1.39612253223386e-37| 0.00244144813517843| 9.91405469460363e-27|6.44663080746068e-09| 8.89118332446628e-09|    0.151943579565151|    0.986591687938017|  2.8846991287032e-35| 0.000246397547117117| 1.26825786856494e-09| 2.83582635830587e-19| 5.71449822919549e-35|1.43904209907616e-90|                   0| 2.27436592043705e-49| 3.94195949215613e-09|   0.0100373132385448|    0.830189814052854| 6.93582194700339e-13| 0.171093475179502|\n",
      "+----------------------------+---------------------+--------------------+---------------------+--------------------+---------------------+--------------------+---------------------+---------------------+---------------------+---------------------+---------------------+---------------------+---------------------+---------------------+--------------------+--------------------+---------------------+---------------------+---------------------+---------------------+---------------------+------------------+\n",
      "|Relative cortical thickness | 1.36546328892119e-51|1.16933501834951e-41| 1.49302523984348e-24|  0.0014038146381678|7.16572973257597e-158|2.32413345696407e-27| 3.06306797046478e-51| 2.91798505343752e-19| 5.21338594481457e-26| 3.54118492699281e-22| 7.32696093190853e-54| 0.000583168803982419| 1.73326555512174e-72|   0.0163050653110381|6.29674207612102e-61|2.27436592043705e-49|                    0| 8.02335098840518e-74| 1.28035272603261e-11| 1.61104759482416e-19| 1.77132664736312e-69| 0.618282890114537|\n",
      "+----------------------------+---------------------+--------------------+---------------------+--------------------+---------------------+--------------------+---------------------+---------------------+---------------------+---------------------+---------------------+---------------------+---------------------+---------------------+--------------------+--------------------+---------------------+---------------------+---------------------+---------------------+---------------------+------------------+\n",
      "|           Apparent modulus |8.26485964309369e-172|1.03554595763533e-40| 6.90429362353851e-09|  0.0548888228383909| 5.18000645173748e-78|6.00948705640901e-18| 3.48923257262264e-53| 3.56350706146515e-83| 2.30515161472472e-96| 2.68214200121968e-07|2.80451863087501e-255| 1.00173361757494e-25| 1.36272345052261e-74| 1.32350747247537e-07|7.35105859077293e-17|3.94195949215613e-09| 8.02335098840518e-74|                    0| 6.11772625994225e-38| 2.02291983895546e-51|8.83934340394858e-112| 0.597097536855586|\n",
      "+----------------------------+---------------------+--------------------+---------------------+--------------------+---------------------+--------------------+---------------------+---------------------+---------------------+---------------------+---------------------+---------------------+---------------------+---------------------+--------------------+--------------------+---------------------+---------------------+---------------------+---------------------+---------------------+------------------+\n",
      "|              hFE Stiffness |  7.3861639675352e-53| 0.00569802761578848| 5.49412122491633e-16|1.02017974698942e-11| 7.51391081113767e-34|2.85191801030707e-10| 2.28391738530033e-74|1.34225299683321e-124|2.27201334092955e-121| 1.34653469235134e-19| 7.82251973675192e-47|1.15638661042284e-128| 6.96610450883287e-51| 4.50073227603837e-71|   0.344050414945902|  0.0100373132385448| 1.28035272603261e-11| 6.11772625994225e-38|                    0|1.22531845061371e-202| 5.70940713238137e-50|0.0597703369381034|\n",
      "+----------------------------+---------------------+--------------------+---------------------+--------------------+---------------------+--------------------+---------------------+---------------------+---------------------+---------------------+---------------------+---------------------+---------------------+---------------------+--------------------+--------------------+---------------------+---------------------+---------------------+---------------------+---------------------+------------------+\n",
      "|                    y.Force | 1.41818227599025e-58|1.29612587855922e-06| 9.13783047801426e-07|2.83261656150851e-09| 9.16641067544977e-44|2.78345431045708e-13| 9.70090608119163e-80|7.84655305060697e-121|2.68645069494375e-119| 1.09086749878283e-08| 1.66330533580405e-61| 1.96812337804666e-80| 8.82174832048754e-63| 7.71064605354308e-41|  0.0918715237028263|   0.830189814052854| 1.61104759482416e-19| 2.02291983895546e-51|1.22531845061371e-202|                    0| 1.50594326780774e-83| 0.201271311051074|\n",
      "+----------------------------+---------------------+--------------------+---------------------+--------------------+---------------------+--------------------+---------------------+---------------------+---------------------+---------------------+---------------------+---------------------+---------------------+---------------------+--------------------+--------------------+---------------------+---------------------+---------------------+---------------------+---------------------+------------------+\n",
      "|                   y.Stress | 1.66666585969634e-79|8.10082803099804e-26| 3.28803488463614e-07| 0.00030597735909411|  2.6466086878847e-75|8.11114653150183e-22| 1.63769856541327e-52| 2.95215088255961e-59|  2.6930043529201e-65| 3.47866774992427e-06|1.29245281419715e-106| 1.85844915978886e-18| 1.04373816004791e-64| 0.000151426631766149|4.04801796347173e-17|6.93582194700339e-13| 1.77132664736312e-69|8.83934340394858e-112| 5.70940713238137e-50| 1.50594326780774e-83|                    0| 0.861830790397956|\n",
      "+----------------------------+---------------------+--------------------+---------------------+--------------------+---------------------+--------------------+---------------------+---------------------+---------------------+---------------------+---------------------+---------------------+---------------------+---------------------+--------------------+--------------------+---------------------+---------------------+---------------------+---------------------+---------------------+------------------+\n",
      "|        HFE Simulation Time |    0.214200346059156|   0.453376483644985|    0.315328679412895|   0.857549030112838|    0.146611426447711|   0.212777646566447|   0.0495667690206031|    0.228495639781709|    0.137547806147455|    0.156037611514039|    0.685404366362612|   0.0436182766777662|   0.0752110047964216|   0.0994368828063249|   0.535683582795468|   0.171093475179502|    0.618282890114537|    0.597097536855586|   0.0597703369381034|    0.201271311051074|    0.861830790397956|                 0|\n",
      "+----------------------------+---------------------+--------------------+---------------------+--------------------+---------------------+--------------------+---------------------+---------------------+---------------------+---------------------+---------------------+---------------------+---------------------+---------------------+--------------------+--------------------+---------------------+---------------------+---------------------+---------------------+---------------------+------------------+\n"
     ]
    },
    {
     "data": {
